 PDE 2004 12 26  0 58 50.00   3.3000   95.7800  10.0 8.9 8.9 OFF W COAST OF NORTHERN                 
event name:           122604A
time shift:    129.0000
half duration: 129.0000
latitude:        3.0900
longitude:      94.2600
depth:          28.6100
Mrr:       1.197535e+29
Mtt:      -6.568468e+28
Mpp:      -5.406878e+28
Mrt:       4.213654e+29
Mrp:      -6.177529e+29
Mtp:       6.994890e+28
