 PDE 2004 12 26  0 58 50.00   3.3000   95.7800  10.0 8.9 8.9 OFF W COAST OF NORTHERN                 
event name:           122604A
time shift:    138.9600
half duration:  95.0000
latitude:        3.0900
longitude:      94.2600
depth:          28.6100
Mrr:       8.856972e+28
Mtt:      -5.916419e+28
Mpp:      -2.940553e+28
Mrt:       4.659734e+28
Mrp:      -2.619363e+29
Mtp:       6.079436e+28
