 PDE 2004 12 26  0 58 50.00   3.3000   95.7800  10.0 8.9 8.9 OFF W COAST OF NORTHERN                 
event name:           122604A
time shift:    129.0000
half duration: 129.0000
latitude:        3.5900
longitude:      94.0597
depth:          30.5000
Mrr:       1.145231e+29
Mtt:      -6.119529e+28
Mpp:      -5.332784e+28
Mrt:       6.247539e+29
Mrp:      -6.959705e+29
Mtp:       6.308662e+28
