 PDE 2001 01 01  0  0  0.00   0.0000   00.0000  25.0 8.0 8.0 Equator - Greenwich
event name:     010101Z
time shift:      0.0000
half duration:   0.0000
latitude:        0.0000
longitude:       0.0000
depth:          30.5000
Mrr:       1.000000e+28
Mtt:       0.000000e+28
Mpp:       0.000000e+28
Mrt:       0.000000e+28
Mrp:       0.000000e+28
Mtp:       0.000000e+28
