 PDE 2004 12 26  0 58 50.00   3.3000   95.7800  10.0 8.9 8.9 OFF W COAST OF NORTHERN                 
event name:           122604A
time shift:    138.9600
half duration:  95.0000
latitude:        3.0900
longitude:      94.2600
depth:          28.6100
Mrr:       9.986171e+28
Mtt:      -6.463803e+28
Mpp:      -3.522368e+28
Mrt:       2.873147e+28
Mrp:      -3.890044e+29
Mtp:       6.205178e+28
